2458362.500000000, , ,224.6924730,-16.0696006,   5.96,  5.43, 8.4832505863E+08, 27.4495472,  68.6442,/T,  10.0480,
2458362.625000000, , ,224.7218424,-16.0785074,   5.96,  5.43, 8.4858055838E+08, 19.8974276,  68.5529,/T,  10.0410,
2458362.750000000, , ,224.7498203,-16.0867134,   5.96,  5.43, 8.4875812019E+08, 13.2477218,  68.4601,/T,  10.0355,
2458362.875000000, , ,224.7742997,-16.0936525,   5.96,  5.43, 8.4887457604E+08,  8.7665459,  68.3637,/T,  10.0312,
2458363.000000000, , ,224.7938320,-16.0989980,   5.96,  5.43, 8.4895852034E+08,  7.3302147,  68.2623,/T,  10.0274,
2458363.125000000, , ,224.8079150,-16.1027285,   5.96,  5.43, 8.4904507108E+08,  9.2470046,  68.1554,/T,  10.0234,
2458363.250000000, , ,224.8171104,-16.1051383,   5.95,  5.43, 8.4916917513E+08, 14.1728032,  68.0436,/T,  10.0185,
2458363.375000000, , ,224.8229543,-16.1067857,   5.96,  5.43, 8.4935867151E+08, 21.1548685,  67.9285,/T,  10.0122,
2458363.500000000, , ,224.8276624,-16.1083842,   5.96,  5.43, 8.4962857825E+08, 28.8126808,  67.8123,/T,  10.0042,
2458363.625000000, , ,224.8336846,-16.1106590,   5.96,  5.43, 8.4997795178E+08, 35.6241427,  67.6976,/T,   9.9946,
2458363.750000000, , ,224.8432075,-16.1141999,   5.96,  5.43, 8.5039010463E+08, 40.2474302,  67.5864,/T,   9.9838,
2458363.875000000, , ,224.8577187,-16.1193445,   5.96,  5.43, 8.5083611244E+08, 41.7953430,  67.4802,/T,   9.9723,
2458364.000000000, , ,224.8777268,-16.1261158,   5.96,  5.43, 8.5128072073E+08, 39.9982131,  67.3796,/T,   9.9610,
2458364.125000000, , ,224.9026847,-16.1342249,   5.96,  5.43, 8.5168927899E+08, 35.2310805,  67.2838,/T,   9.9504,
2458364.250000000, , ,224.9311152,-16.1431329,   5.96,  5.43, 8.5203428404E+08, 28.4187337,  67.1915,/T,   9.9412,
2458364.375000000, , ,224.9609014,-16.1521553,   5.96,  5.43, 8.5230039129E+08, 20.8530014,  67.1005,/T,   9.9336,
2458364.500000000, , ,224.9896813,-16.1605896,   5.96,  5.43, 8.5248715197E+08, 13.9597903,  67.0084,/T,   9.9275,
2458364.625000000, , ,225.0152834,-16.1678454,   5.96,  5.43, 8.5260911307E+08,  9.0484929,  66.9130,/T,   9.9225,
2458364.750000000, , ,225.0361334,-16.1735543,   5.96,  5.43, 8.5269325063E+08,  7.0741097,  66.8128,/T,   9.9182,
2458364.875000000, , ,225.0515627,-16.1776439,   5.96,  5.43, 8.5277405361E+08,  8.4468515,  66.7071,/T,   9.9139,
2458365.000000000, , ,225.0619585,-16.1803570,   5.96,  5.43, 8.5288698728E+08, 12.9296281,  66.5964,/T,   9.9087,
2458365.125000000, , ,225.0687078,-16.1822107,   5.96,  5.43, 8.5306149378E+08, 19.6597233,  66.4821,/T,   9.9021,
2458365.250000000, , ,225.0739354,-16.1838963,   5.96,  5.43, 8.5331497826E+08, 27.3087994,  66.3663,/T,   9.8939,
2458365.375000000, , ,225.0800776,-16.1861408,   5.96,  5.43, 8.5364918012E+08, 34.3562997,  66.2515,/T,   9.8841,
2458365.500000000, , ,225.0893879,-16.1895596,   5.96,  5.43, 8.5404983063E+08, 39.4111000,  66.1399,/T,   9.8729,
2458365.625000000, , ,225.1034858,-16.1945331,   5.97,  5.43, 8.5448966773E+08, 41.4981037,  66.0332,/T,   9.8611,
2458365.750000000, , ,225.1230486,-16.2011364,   5.97,  5.43, 8.5493403025E+08, 40.2411822,  65.9320,/T,   9.8493,
2458365.875000000, , ,225.1477010,-16.2091311,   5.97,  5.43, 8.5534771066E+08, 35.9122023,  65.8358,/T,   9.8382,
2458366.000000000, , ,225.1761083,-16.2180173,   5.97,  5.43, 8.5570163913E+08, 29.3547570,  65.7434,/T,   9.8284,
2458366.125000000, , ,225.2062416,-16.2271320,   5.97,  5.43, 8.5597820689E+08, 21.8143162,  65.6525,/T,   9.8201,
2458366.250000000, , ,225.2357579,-16.2357730,   5.97,  5.43, 8.5617442033E+08, 14.7118306,  65.5610,/T,   9.8134,
2458366.375000000, , ,225.2624319,-16.2433284,   5.97,  5.43, 8.5630245715E+08,  9.3938995,  65.4666,/T,   9.8079,
2458366.500000000, , ,225.2845713,-16.2493909,   5.97,  5.42, 8.5638753390E+08,  6.8899529,  65.3675,/T,   9.8031,
2458366.625000000, , ,225.3013461,-16.2538379,   5.97,  5.42, 8.5646333706E+08,  7.7104954,  65.2631,/T,   9.7983,
2458366.750000000, , ,225.3129674,-16.2568607,   5.97,  5.42, 8.5656567448E+08, 11.7266657,  65.1534,/T,   9.7928,
2458366.875000000, , ,225.3206680,-16.2589333,   5.97,  5.42, 8.5672544416E+08, 18.1698368,  65.0399,/T,   9.7860,
2458367.000000000, , ,225.3264711,-16.2607216,   5.97,  5.42, 8.5696234934E+08, 25.7704529,  64.9246,/T,   9.7776,
2458367.125000000, , ,225.3327872,-16.2629507,   5.97,  5.42, 8.5728080323E+08, 33.0173936,  64.8098,/T,   9.7675,
2458367.250000000, , ,225.3419246,-16.2662574,   5.97,  5.42, 8.5766903060E+08, 38.4775446,  64.6979,/T,   9.7561,
2458367.375000000, , ,225.3556256,-16.2710627,   5.97,  5.42, 8.5810157370E+08, 41.0928587,  64.5907,/T,   9.7439,
2458367.500000000, , ,225.3747320,-16.2774923,   5.97,  5.42, 8.5854454348E+08, 40.3825702,  64.4888,/T,   9.7317,
2458367.625000000, , ,225.3990406,-16.2853584,   5.97,  5.42, 8.5896235669E+08, 36.5140493,  64.3922,/T,   9.7200,
2458367.750000000, , ,225.4273652,-16.2942025,   5.98,  5.42, 8.5932452832E+08, 30.2455751,  64.2995,/T,   9.7096,
2458367.875000000, , ,225.4577745,-16.3033858,   5.98,  5.42, 8.5961128046E+08, 22.7700518,  64.2089,/T,   9.7007,
2458368.000000000, , ,225.4879563,-16.3122101,   5.98,  5.42, 8.5981709593E+08, 15.4962044,  64.1179,/T,   9.6934,
2458368.125000000, , ,225.5156435,-16.3200457,   5.98,  5.42, 8.5995172538E+08,  9.8006745,  64.0243,/T,   9.6873,
2458368.250000000, , ,225.5390359,-16.3264495,   5.98,  5.42, 8.6003849641E+08,  6.7814092,  63.9264,/T,   9.6820,
2458368.375000000, , ,225.5571478,-16.3312504,   5.98,  5.42, 8.6011011184E+08,  7.0457622,  63.8231,/T,   9.6768,
2458368.500000000, , ,225.5700151,-16.3345880,   5.98,  5.42, 8.6020252257E+08, 10.5733082,  63.7146,/T,   9.6710,
2458368.625000000, , ,225.5787102,-16.3368914,   5.98,  5.42, 8.6034790714E+08, 16.6937458,  63.6019,/T,   9.6640,
2458368.750000000, , ,225.5851447,-16.3387980,   5.98,  5.42, 8.6056815584E+08, 24.2037091,  63.4871,/T,   9.6554,
2458368.875000000, , ,225.5916902,-16.3410267,   5.98,  5.42, 8.6087033434E+08, 31.6103740,  63.3724,/T,   9.6451,
2458369.000000000, , ,225.6006966,-16.3442320,   5.98,  5.42, 8.6124523343E+08, 37.4468375,  63.2603,/T,   9.6334,
2458369.125000000, , ,225.6140192,-16.3488726,   5.98,  5.42, 8.6166934903E+08, 40.5778643,  63.1525,/T,   9.6209,
2458369.250000000, , ,225.6326589,-16.3551233,   5.98,  5.42, 8.6210975650E+08, 40.4201329,  63.0500,/T,   9.6082,
2458369.375000000, , ,225.6565860,-16.3628473,   5.98,  5.42, 8.6253069041E+08, 37.0347368,  62.9529,/T,   9.5961,
2458369.500000000, , ,225.6847684,-16.3716290,   5.98,  5.42, 8.6290040758E+08, 31.0898327,  62.8599,/T,   9.5851,
2458369.625000000, , ,225.7153823,-16.3808576,   5.98,  5.42, 8.6319705491E+08, 23.7190653,  62.7693,/T,   9.5755,
2458369.750000000, , ,225.7461583,-16.3898420,   5.98,  5.42, 8.6341260839E+08, 16.3115323,  62.6788,/T,   9.5676,
2458369.875000000, , ,225.7747991,-16.3979385,   5.98,  5.42, 8.6355433022E+08, 10.2670463,  62.5860,/T,   9.5610,
2458370.000000000, , ,225.7994063,-16.4046707,   5.98,  5.42, 8.6364353141E+08,  6.7468494,  62.4892,/T,   9.5552,
2458370.125000000, , ,225.8188439,-16.4098208,   5.98,  5.42, 8.6371175975E+08,  6.4523964,  62.3871,/T,   9.5496,
2458370.250000000, , ,225.8329734,-16.4134769,   5.98,  5.42, 8.6379492397E+08,  9.4719484,  62.2798,/T,   9.5435,
2458370.375000000, , ,225.8427023,-16.4160217,   5.98,  5.42, 8.6392631824E+08, 15.2370435,  62.1680,/T,   9.5362,
2458370.500000000, , ,225.8498210,-16.4180611,   5.98,  5.42, 8.6412990959E+08, 22.6169539,  62.0537,/T,   9.5274,
2458370.625000000, , ,225.8566499,-16.4203042,   5.98,  5.42, 8.6441538531E+08, 30.1451044,  61.9392,/T,   9.5169,
2458370.750000000, , ,225.8655686,-16.4234197,   5.98,  5.42, 8.6477615653E+08, 36.3282652,  61.8268,/T,   9.5049,
2458370.875000000, , ,225.8785356,-16.4279005,   5.98,  5.42, 8.6519079686E+08, 39.9592936,  61.7185,/T,   9.4921,
2458371.000000000, , ,225.8967054,-16.4339694,   5.99,  5.42, 8.6562751238E+08, 40.3548518,  61.6155,/T,   9.4790,
2458371.125000000, , ,225.9202208,-16.4415401,   5.99,  5.42, 8.6605053419E+08, 37.4695146,  61.5178,/T,   9.4664,
2458371.250000000, , ,225.9482078,-16.4502416,   5.99,  5.42, 8.6642702197E+08, 31.8782969,  61.4245,/T,   9.4548,
2458371.375000000, , ,225.9789585,-16.4594930,   5.99,  5.42, 8.6673316283E+08, 24.6502911,  61.3339,/T,   9.4447,
2458371.500000000, , ,226.0102567,-16.4686139,   5.99,  5.42, 8.6695847604E+08, 17.1482911,  61.2438,/T,   9.4362,
2458371.625000000, , ,226.0397872,-16.4769505,   5.99,  5.42, 8.6710770968E+08, 10.7880767,  61.1518,/T,   9.4290,
2458371.750000000, , ,226.0655642,-16.4839963,   5.99,  5.42, 8.6720005602E+08,  6.7874142,  61.0560,/T,   9.4227,
2458371.875000000, , ,226.0863096,-16.4894890,   5.99,  5.42, 8.6726574076E+08,  5.9368890,  60.9551,/T,   9.4167,
2458372.000000000, , ,226.1017129,-16.4934660,   5.99,  5.42, 8.6734042691E+08,  8.4319350,  60.8489,/T,   9.4103,
2458372.125000000, , ,226.1125130,-16.4962622,   5.99,  5.42, 8.6745832817E+08, 13.8088513,  60.7381,/T,   9.4027,
2458372.250000000, , ,226.1203701,-16.4984492,   5.99,  5.41, 8.6764534598E+08, 21.0163765,  60.6244,/T,   9.3937,
2458372.375000000, , ,226.1275404,-16.5007226,   5.99,  5.41, 8.6791373481E+08, 28.6232682,  60.5101,/T,   9.3830,
2458372.500000000, , ,226.1364196,-16.5037606,   5.99,  5.41, 8.6825957190E+08, 35.1190826,  60.3975,/T,   9.3709,
2458372.625000000, , ,226.1490578,-16.5080879,   5.99,  5.41, 8.6866364317E+08, 39.2317757,  60.2888,/T,   9.3577,
2458372.750000000, , ,226.1667566,-16.5139724,   5.99,  5.41, 8.6909547603E+08, 40.1811523,  60.1852,/T,   9.3443,
2458372.875000000, , ,226.1898307,-16.5213789,   5.99,  5.42, 8.6951949916E+08, 37.8141218,  60.0869,/T,   9.3312,
2458373.000000000, , ,226.2175690,-16.5299822,   5.99,  5.42, 8.6990194473E+08, 32.6081309,  59.9932,/T,   9.3190,
2458373.125000000, , ,226.2483884,-16.5392342,   5.99,  5.42, 8.7021715087E+08, 25.5614406,  59.9026,/T,   9.3083,
2458373.250000000, , ,226.2801371,-16.5484686,   5.99,  5.42, 8.7045221826E+08, 18.0035288,  59.8128,/T,   9.2992,
2458373.375000000, , ,226.3104935,-16.5570245,   5.99,  5.41, 8.7060934347E+08, 11.3593002,  59.7215,/T,   9.2915,
2458373.500000000, , ,226.3373944,-16.5643685,   5.99,  5.41, 8.7070549398E+08,  6.8973714,  59.6267,/T,   9.2847,
2458373.625000000, , ,226.3594265,-16.5701960,   5.99,  5.41, 8.7076941707E+08,  5.4939741,  59.5270,/T,   9.2783,
2458373.750000000, , ,226.3761098,-16.5744941,   5.99,  5.41, 8.7083635056E+08,  7.4509569,  59.4219,/T,   9.2715,
2458373.875000000, , ,226.3880122,-16.5775495,   5.99,  5.41, 8.7094125550E+08, 12.4115181,  59.3121,/T,   9.2638,
2458374.000000000, , ,226.3966557,-16.5798970,   5.99,  5.41, 8.7111183478E+08, 19.4089400,  59.1990,/T,   9.2546,
2458374.125000000, , ,226.4042215,-16.5822150,   5.99,  5.41, 8.7136284528E+08, 27.0546622,  59.0850,/T,   9.2437,
2458374.250000000, , ,226.4131084,-16.5851881,   5.99,  5.41, 8.7169305058E+08, 33.8290864,  58.9724,/T,   9.2313,
2458374.375000000, , ,226.4254472,-16.5893685,   6.00,  5.41, 8.7208555052E+08, 38.4019640,  58.8632,/T,   9.2179,
2458374.500000000, , ,226.4426793,-16.5950681,   6.00,  5.41, 8.7251135349E+08, 39.9001736,  58.7590,/T,   9.2041,
2458374.625000000, , ,226.4652883,-16.6023013,   6.00,  5.41, 8.7293527074E+08, 38.0637103,  58.6601,/T,   9.1905,
2458374.750000000, , ,226.4927290,-16.6107897,   6.00,  5.41, 8.7332278321E+08, 33.2701359,  58.5660,/T,   9.1779,
2458374.875000000, , ,226.5235499,-16.6200202,   6.00,  5.41, 8.7364651675E+08, 26.4419690,  58.4753,/T,   9.1666,
2458375.000000000, , ,226.5556745,-16.6293438,   6.00,  5.41, 8.7389122665E+08, 18.8686542,  58.3857,/T,   9.1569,
2458375.125000000, , ,226.5867865,-16.6380964,   6.00,  5.41, 8.7405655345E+08, 11.9767451,  58.2951,/T,   9.1486,
2458375.250000000, , ,226.6147573,-16.6457209,   6.00,  5.41, 8.7415715576E+08,  7.0786462,  58.2012,/T,   9.1414,
2458375.375000000, , ,226.6380471,-16.6518731,   6.00,  5.41, 8.7422014984E+08,  5.1308537,  58.1027,/T,   9.1345,
2458375.500000000, , ,226.6560105,-16.6564909,   6.00,  5.41, 8.7428015298E+08,  6.5393185,  57.9987,/T,   9.1275,
2458375.625000000, , ,226.6690423,-16.6598120,   6.00,  5.41, 8.7437267456E+08, 11.0558649,  57.8899,/T,   9.1195,
2458375.750000000, , ,226.6785192,-16.6623323,   6.00,  5.41, 8.7452706037E+08, 17.8039288,  57.7776,/T,   9.1101,
2458375.875000000, , ,226.6865352,-16.6647095,   6.00,  5.41, 8.7476048749E+08, 25.4458800,  57.6639,/T,   9.0990,
2458376.000000000, , ,226.6954794,-16.6676304,   6.00,  5.41, 8.7507441817E+08, 32.4618566,  57.5512,/T,   9.0865,
2458376.125000000, , ,226.7075509,-16.6716717,   6.00,  5.41, 8.7545436890E+08, 37.4709606,  57.4416,/T,   9.0728,
2458376.250000000, , ,226.7243223,-16.6771861,   6.00,  5.41, 8.7587299850E+08, 39.5117255,  57.3368,/T,   9.0586,
2458376.375000000, , ,226.7464439,-16.6842374,   6.00,  5.41, 8.7629569896E+08, 38.2179313,  57.2374,/T,   9.0446,
2458376.500000000, , ,226.7735387,-16.6925947,   6.00,  5.41, 8.7668738557E+08, 33.8643420,  57.1428,/T,   9.0315,
2458376.625000000, , ,226.8042946,-16.7017822,   6.00,  5.41, 8.7701911078E+08, 27.2921817,  57.0519,/T,   9.0197,
2458376.750000000, , ,226.8367208,-16.7111714,   6.01,  5.41, 8.7727335430E+08, 19.7438000,  56.9625,/T,   9.0094,
2458376.875000000, , ,226.8685188,-16.7200982,   6.01,  5.41, 8.7744719146E+08, 12.6400249,  56.8724,/T,   9.0006,
2458377.000000000, , ,226.8975053,-16.7279855,   6.00,  5.41, 8.7755288682E+08,  7.3305465,  56.7795,/T,   8.9928,
2458377.125000000, , ,226.9220222,-16.7344518,   6.00,  5.41, 8.7761577960E+08,  4.8475229,  56.6820,/T,   8.9856,
2458377.250000000, , ,226.9412628,-16.7393868,   6.00,  5.41, 8.7766968468E+08,  5.6991023,  56.5793,/T,   8.9782,
2458377.375000000, , ,226.9554478,-16.7429789,   6.00,  5.41, 8.7775047460E+08,  9.7470760,  56.4715,/T,   8.9700,
2458377.500000000, , ,226.9658019,-16.7456832,   6.00,  5.41, 8.7788898571E+08, 16.2097471,  56.3599,/T,   8.9604,
2458377.625000000, , ,226.9743213,-16.7481336,   6.00,  5.41, 8.7810472903E+08, 23.8076794,  56.2466,/T,   8.9492,
2458377.750000000, , ,226.9833726,-16.7510155,   6.00,  5.41, 8.7840186393E+08, 31.0288300,  56.1339,/T,   8.9365,
2458377.875000000, , ,226.9952123,-16.7549264,   6.00,  5.41, 8.7876840432E+08, 36.4485149,  56.0240,/T,   8.9225,
2458378.000000000, , ,227.0115360,-16.7602577,   6.01,  5.41, 8.7917880157E+08, 39.0213338,  55.9186,/T,   8.9080,
2458378.125000000, , ,227.0331562,-16.7671211,   6.01,  5.41, 8.7959920355E+08, 38.2765488,  55.8185,/T,   8.8937,
2458378.250000000, , ,227.0598653,-16.7753336,   6.01,  5.41, 8.7999413801E+08, 34.3849604,  55.7235,/T,   8.8800,
2458378.375000000, , ,227.0904960,-16.7844584,   6.01,  5.41, 8.8033323447E+08, 28.1026106,  55.6323,/T,   8.8677,
2458378.500000000, , ,227.1231527,-16.7938902,   6.01,  5.41, 8.8059679401E+08, 20.6188648,  55.5430,/T,   8.8568,
2458378.625000000, , ,227.1555657,-16.8029686,   6.01,  5.41, 8.8077935320E+08, 13.3417927,  55.4534,/T,   8.8475,
2458378.750000000, , ,227.1855091,-16.8110997,   6.01,  5.41, 8.8089073059E+08,  7.6510354,  55.3613,/T,   8.8392,
2458378.875000000, , ,227.2112169,-16.8178676,   6.01,  5.40, 8.8095436034E+08,  4.6478942,  55.2649,/T,   8.8316,
2458379.000000000, , ,227.2317272,-16.8231160,   6.01,  5.40, 8.8100306803E+08,  4.9386496,  55.1633,/T,   8.8239,
2458379.125000000, , ,227.2470869,-16.8269838,   6.01,  5.40, 8.8107287943E+08,  8.4950763,  55.0566,/T,   8.8154,
2458379.250000000, , ,227.2583627,-16.8298835,   6.01,  5.40, 8.8119593660E+08, 14.6348913,  54.9459,/T,   8.8057,
2458379.375000000, , ,227.2674423,-16.8324221,   6.01,  5.40, 8.8139396904E+08, 22.1448634,  54.8330,/T,   8.7943,
2458379.500000000, , ,227.2766566,-16.8352793,   6.01,  5.40, 8.8167381399E+08, 29.5301866,  54.7203,/T,   8.7814,
2458379.625000000, , ,227.2883059,-16.8390700,   6.01,  5.40, 8.8202606277E+08, 35.3310049,  54.6101,/T,   8.7673,
2458379.750000000, , ,227.3041991,-16.8442212,   6.01,  5.40, 8.8242711865E+08, 38.4237632,  54.5041,/T,   8.7525,
2458379.875000000, , ,227.3253067,-16.8508915,   6.01,  5.40, 8.8284408500E+08, 38.2347812,  54.4034,/T,   8.7377,
2458380.000000000, , ,227.3515917,-16.8589462,   6.01,  5.40, 8.8324129622E+08, 34.8284976,  54.3078,/T,   8.7237,
2458380.125000000, , ,227.3820382,-16.8679891,   6.01,  5.40, 8.8358711143E+08, 28.8706618,  54.2163,/T,   8.7108,
2458380.250000000, , ,227.4148555,-16.8774413,   6.01,  5.40, 8.8385974146E+08, 21.4910662,  54.1271,/T,   8.6994,
2458380.375000000, , ,227.4478141,-16.8866492,   6.01,  5.40, 8.8405119790E+08, 14.0779238,  54.0380,/T,   8.6895,
2458380.500000000, , ,227.4786569,-16.8950053,   6.01,  5.40, 8.8416879190E+08,  8.0341876,  53.9466,/T,   8.6808,
2458380.625000000, , ,227.5055187,-16.9020621,   6.01,  5.40, 8.8423392690E+08,  4.5252348,  53.8513,/T,   8.6727,
2458380.750000000, , ,227.5272881,-16.9076187,   6.01,  5.40, 8.8427827121E+08,  4.2528105,  53.7508,/T,   8.6647,
2458380.875000000, , ,227.5438388,-16.9117651,   6.01,  5.40, 8.8433782168E+08,  7.2987528,  53.6451,/T,   8.6560,
2458381.000000000, , ,227.5560754,-16.9148696,   6.01,  5.40, 8.8444586089E+08, 13.0832872,  53.5352,/T,   8.6460,
2458381.125000000, , ,227.5657677,-16.9175096,   6.01,  5.40, 8.8462622143E+08, 20.4654327,  53.4228,/T,   8.6346,
2458381.250000000, , ,227.5751987,-16.9203560,   6.01,  5.40, 8.8488838029E+08, 27.9756118,  53.3102,/T,   8.6215,
2458381.375000000, , ,227.5867004,-16.9240372,   6.01,  5.40, 8.8522555615E+08, 34.1267246,  53.1997,/T,   8.6072,
2458381.500000000, , ,227.6021850,-16.9290129,   6.01,  5.40, 8.8561622983E+08, 37.7229166,  53.0933,/T,   8.5921,
2458381.625000000, , ,227.6227752,-16.9354869,   6.02,  5.40, 8.8602863331E+08, 38.0904527,  52.9919,/T,   8.5770,
2458381.750000000, , ,227.6486041,-16.9433724,   6.02,  5.40, 8.8642709493E+08, 35.1871425,  52.8957,/T,   8.5625,
2458381.875000000, , ,227.6788112,-16.9523156,   6.02,  5.40, 8.8677887145E+08, 29.5852101,  52.8039,/T,   8.5491,
2458382.000000000, , ,227.7117191,-16.9617659,   6.02,  5.40, 8.8706020299E+08, 22.3492268,  52.7146,/T,   8.5372,
2458382.125000000, , ,227.7451503,-16.9710799,   6.02,  5.40, 8.8726062553E+08, 14.8403707,  52.6258,/T,   8.5267,
2458382.250000000, , ,227.7768280,-16.9796405,   6.02,  5.40, 8.8738491131E+08,  8.4772962,  52.5352,/T,   8.5175,
2458382.375000000, , ,227.8047993,-16.9869713,   6.02,  5.40, 8.8745232247E+08,  4.4826525,  52.4408,/T,   8.5091,
2458382.500000000, , ,227.8278103,-16.9928293,   6.02,  5.40, 8.8749319671E+08,  3.6490966,  52.3415,/T,   8.5007,
2458382.625000000, , ,227.8455635,-16.9972556,   6.02,  5.40, 8.8754329795E+08,  6.1675943,  52.2369,/T,   8.4918,
2458382.750000000, , ,227.8587973,-17.0005736,   6.02,  5.40, 8.8763685769E+08, 11.5641009,  52.1278,/T,   8.4817,
2458382.875000000, , ,227.8691546,-17.0033284,   6.02,  5.40, 8.8779967511E+08, 18.7766564,  52.0159,/T,   8.4701,
2458383.000000000, , ,227.8788578,-17.0061781,   6.02,  5.40, 8.8804381597E+08, 26.3696473,  51.9035,/T,   8.4569,
2458383.125000000, , ,227.8902574,-17.0097610,   6.02,  5.40, 8.8836517114E+08, 32.8374110,  51.7928,/T,   8.4424,
2458383.250000000, , ,227.9053580,-17.0145665,   6.02,  5.40, 8.8874442877E+08, 36.9185524,  51.6858,/T,   8.4270,
2458383.375000000, , ,227.9254281,-17.0208416,   6.02,  5.40, 8.8915113440E+08, 37.8425627,  51.5838,/T,   8.4116,
2458383.500000000, , ,227.9507699,-17.0285474,   6.02,  5.40, 8.8954980933E+08, 35.4599954,  51.4870,/T,   8.3966,
2458383.625000000, , ,227.9806830,-17.0373733,   6.02,  5.40, 8.8990678175E+08, 30.2456574,  51.3947,/T,   8.3828,
2458383.750000000, , ,228.0136125,-17.0467999,   6.02,  5.40, 8.9019643974E+08, 23.1927421,  51.3054,/T,   8.3703,
2458383.875000000, , ,228.0474436,-17.0561975,   6.02,  5.40, 8.9040588858E+08, 15.6280755,  51.2168,/T,   8.3594,
2458384.000000000, , ,228.0798924,-17.0649422,   6.02,  5.40, 8.9053732668E+08,  8.9787492,  51.1268,/T,   8.3497,
2458384.125000000, , ,228.1089279,-17.0725322,   6.02,  5.39, 8.9060776703E+08,  4.5186247,  51.0334,/T,   8.3408,
2458384.250000000, , ,228.1331608,-17.0786838,   6.02,  5.39, 8.9064605433E+08,  3.1273925,  50.9351,/T,   8.3321,
2458384.375000000, , ,228.1521249,-17.0833904,   6.02,  5.39, 8.9068753066E+08,  5.1042343,  50.8316,/T,   8.3229,
2458384.500000000, , ,228.1663888,-17.0869294,   6.02,  5.39, 8.9076719618E+08, 10.0833876,  50.7234,/T,   8.3127,
2458384.625000000, , ,228.1774604,-17.0898112,   6.02,  5.39, 8.9091268222E+08, 17.0877066,  50.6121,/T,   8.3009,
2458384.750000000, , ,228.1874901,-17.0926781,   6.02,  5.39, 8.9113858382E+08, 24.7233447,  50.4999,/T,   8.2876,
2458384.875000000, , ,228.1988345,-17.0961745,   6.02,  5.39, 8.9144349122E+08, 31.4739624,  50.3890,/T,   8.2730,
2458385.000000000, , ,228.2135802,-17.1008166,   6.02,  5.39, 8.9181040390E+08, 36.0187559,  50.2815,/T,   8.2574,
2458385.125000000, , ,228.2331348,-17.1068925,   6.02,  5.39, 8.9221033798E+08, 37.4940932,  50.1788,/T,   8.2416,
2458385.250000000, , ,228.2579672,-17.1144106,   6.02,  5.39, 8.9260818929E+08, 35.6441183,  50.0814,/T,   8.2263,
2458385.375000000, , ,228.2875399,-17.1231042,   6.03,  5.39, 8.9296953200E+08, 30.8440810,  49.9887,/T,   8.2119,
2458385.500000000, , ,228.3204269,-17.1324870,   6.03,  5.39, 8.9326703921E+08, 24.0111139,  49.8991,/T,   8.1990,
2458385.625000000, , ,228.3545867,-17.1419457,   6.03,  5.39, 8.9348546203E+08, 16.4312799,  49.8108,/T,   8.1875,
2458385.750000000, , ,228.3877398,-17.1508536,   6.03,  5.39, 8.9362442647E+08,  9.5327406,  49.7214,/T,   8.1774,
2458385.875000000, , ,228.4177891,-17.1586863,   6.03,  5.39, 8.9369861696E+08,  4.6331588,  49.6288,/T,   8.1681,
2458386.000000000, , ,228.4432187,-17.1651224,   6.03,  5.39, 8.9373523158E+08,  2.6932280,  49.5316,/T,   8.1591,
2458386.125000000, , ,228.4633978,-17.1701087,   6.02,  5.39, 8.9376898766E+08,  4.1175512,  49.4291,/T,   8.1496,
2458386.250000000, , ,228.4787237,-17.1738759,   6.02,  5.39, 8.9383544478E+08,  8.6503828,  49.3219,/T,   8.1392,
2458386.375000000, , ,228.4905612,-17.1768974,   6.02,  5.39, 8.9396390028E+08, 15.4054667,  49.2112,/T,   8.1273,
2458386.500000000, , ,228.5009763,-17.1797964,   6.02,  5.39, 8.9417139480E+08, 23.0395381,  49.0992,/T,   8.1139,
2458386.625000000, , ,228.5123184,-17.1832196,   6.02,  5.39, 8.9445923421E+08, 30.0349241,  48.9882,/T,   8.0991,
2458386.750000000, , ,228.5267440,-17.1877065,   6.03,  5.39, 8.9481284008E+08, 35.0192325,  48.8802,/T,   8.0833,
2458386.875000000, , ,228.5457914,-17.1935839,   6.03,  5.39, 8.9520487703E+08, 37.0400681,  48.7769,/T,   8.0672,
2458387.000000000, , ,228.5700945,-17.2009068,   6.03,  5.39, 8.9560081752E+08, 35.7353164,  48.6788,/T,   8.0515,
2458387.125000000, , ,228.5992815,-17.2094536,   6.03,  5.39, 8.9596566547E+08, 31.3773175,  48.5855,/T,   8.0367,
2458387.250000000, , ,228.6320632,-17.2187732,   6.03,  5.39, 8.9627051319E+08, 24.8014929,  48.4957,/T,   8.0233,
2458387.375000000, , ,228.6664822,-17.2282717,   6.03,  5.39, 8.9649782330E+08, 17.2462695,  48.4075,/T,   8.0113,
2458387.500000000, , ,228.7002746,-17.2373222,   6.03,  5.39, 8.9664463871E+08, 10.1337504,  48.3186,/T,   8.0007,
2458387.625000000, , ,228.7312879,-17.2453815,   6.03,  5.39, 8.9672323095E+08,  4.8191015,  48.2268,/T,   7.9910,
2458387.750000000, , ,228.7578878,-17.2520924,   6.03,  5.39, 8.9675900855E+08,  2.3396144,  48.1306,/T,   7.9816,
2458387.875000000, , ,228.7792825,-17.2573563,   6.03,  5.39, 8.9678588667E+08,  3.2034242,  48.0292,/T,   7.9720,
2458388.000000000, , ,228.7956970,-17.2613569,   6.03,  5.39, 8.9683980181E+08,  7.2658052,  47.9229,/T,   7.9614,
2458388.125000000, , ,228.8083465,-17.2645293,   6.03,  5.39, 8.9695156282E+08, 13.7355725,  47.8129,/T,   7.9494,
2458388.250000000, , ,228.8192026,-17.2674742,   6.03,  5.38, 8.9714056264E+08, 21.3270568,  47.7012,/T,   7.9358,
2458388.375000000, , ,228.8305949,-17.2708373,   6.03,  5.38, 8.9741081448E+08, 28.5296043,  47.5901,/T,   7.9209,
2458388.500000000, , ,228.8447377,-17.2751779,   6.03,  5.38, 8.9775024050E+08, 33.9266007,  47.4817,/T,   7.9049,
2458388.625000000, , ,228.8632922,-17.2808594,   6.03,  5.38, 8.9813329918E+08, 36.4817766,  47.3778,/T,   7.8886,
2458388.750000000, , ,228.8870527,-17.2879819,   6.03,  5.38, 8.9852622174E+08, 35.7286463,  47.2790,/T,   7.8725,
2458388.875000000, , ,228.9158144,-17.2963691,   6.03,  5.38, 8.9889362760E+08, 31.8354361,  47.1851,/T,   7.8572,
2458389.000000000, , ,228.9484309,-17.3056068,   6.03,  5.38, 8.9920518522E+08, 25.5517851,  47.0950,/T,   7.8433,
2458389.125000000, , ,228.9830381,-17.3151230,   6.03,  5.38, 8.9944116891E+08, 18.0621642,  47.0068,/T,   7.8308,
2458389.250000000, , ,229.0173999,-17.3242946,   6.03,  5.38, 8.9959606258E+08, 10.7750364,  46.9183,/T,   7.8197,
2458389.375000000, , ,229.0493204,-17.3325624,   6.03,  5.38, 8.9967966565E+08,  5.0754250,  46.8273,/T,   7.8096,
2458389.500000000, , ,229.0770565,-17.3395366,   6.03,  5.38, 8.9971546090E+08,  2.0708844,  46.7321,/T,   7.8000,
2458389.625000000, , ,229.0996613,-17.3450743,   6.03,  5.38, 8.9973637075E+08,  2.3695993,  46.6317,/T,   7.7901,
2458389.750000000, , ,229.1171870,-17.3493128,   6.03,  5.38, 8.9977850146E+08,  5.9383945,  46.5264,/T,   7.7793,
2458389.875000000, , ,229.1306933,-17.3526465,   6.03,  5.38, 8.9987399471E+08, 12.0858209,  46.4171,/T,   7.7672,
2458390.000000000, , ,229.1420467,-17.3556513,   6.03,  5.38, 9.0004448563E+08, 19.5915461,  46.3057,/T,   7.7535,
2458390.125000000, , ,229.1535437,-17.3589678,   6.03,  5.38, 9.0029667656E+08, 26.9608830,  46.1945,/T,   7.7385,
2458390.250000000, , ,229.1674443,-17.3631718,   6.03,  5.38, 9.0062106670E+08, 32.7412620,  46.0857,/T,   7.7223,
2458390.375000000, , ,229.1855224,-17.3686606,   6.03,  5.38, 9.0099406159E+08, 35.8182129,  45.9812,/T,   7.7057,
2458390.500000000, , ,229.2087288,-17.3755781,   6.03,  5.38, 9.0138284568E+08, 35.6227682,  45.8817,/T,   7.6892,
2458390.625000000, , ,229.2370267,-17.3837935,   6.03,  5.38, 9.0175184836E+08, 32.2172515,  45.7872,/T,   7.6736,
2458390.750000000, , ,229.2694188,-17.3929312,   6.04,  5.38, 9.0206947301E+08, 26.2608468,  45.6967,/T,   7.6592,
2458390.875000000, , ,229.3041442,-17.4024441,   6.04,  5.38, 9.0231390260E+08, 18.8774471,  45.6085,/T,   7.6463,
2458391.000000000, , ,229.3390063,-17.4117158,   6.04,  5.38, 9.0247708190E+08, 11.4544057,  45.5203,/T,   7.6347,
2458391.125000000, , ,229.3717770,-17.4201743,   6.04,  5.38, 9.0256627828E+08,  5.3995097,  45.4300,/T,   7.6242,
2458391.250000000, , ,229.4006141,-17.4273997,   6.04,  5.38, 9.0260291959E+08,  1.8850262,  45.3357,/T,   7.6142,
2458391.375000000, , ,229.4244208,-17.4332069,   6.03,  5.38, 9.0261875911E+08,  1.6161580,  45.2364,/T,   7.6040,
2458391.500000000, , ,229.4430767,-17.4376863,   6.03,  5.38, 9.0264988077E+08,  4.6714984,  45.1320,/T,   7.5931,
2458391.625000000, , ,229.4574812,-17.4411909,   6.03,  5.38, 9.0272958847E+08, 10.4630879,  45.0234,/T,   7.5809,
2458391.750000000, , ,229.4693856,-17.4442686,   6.03,  5.38, 9.0288164653E+08, 17.8426429,  44.9124,/T,   7.5671,
2458391.875000000, , ,229.4810413,-17.4475521,   6.03,  5.38, 9.0311541549E+08, 25.3395876,  44.8012,/T,   7.5519,
2458392.000000000, , ,229.4947424,-17.4516301,   6.03,  5.38, 9.0342402649E+08, 31.4728259,  44.6921,/T,   7.5356,
2458392.125000000, , ,229.5123666,-17.4569311,   6.04,  5.38, 9.0378595688E+08, 35.0550719,  44.5869,/T,   7.5187,
2458392.250000000, , ,229.5350154,-17.4636415,   6.04,  5.38, 9.0416951379E+08, 35.4177167,  44.4867,/T,   7.5020,
2458392.375000000, , ,229.5628197,-17.4716756,   6.04,  5.38, 9.0453912083E+08, 32.5170431,  44.3916,/T,   7.4859,
2458392.500000000, , ,229.5949352,-17.4806974,   6.04,  5.38, 9.0486208295E+08, 26.9187184,  44.3006,/T,   7.4711,