2458362.500000000, , ,224.6974468,-16.0695811,  -1.93,  5.51, 8.4790750199E+08, 24.6964569,  68.6488,/T,  10.0565,
2458362.625000000, , ,224.7144226,-16.0748312,  -1.93,  5.51, 8.4817413266E+08, 24.6791508,  68.5450,/T,  10.0490,
2458362.750000000, , ,224.7314310,-16.0800885,  -1.93,  5.51, 8.4844057596E+08, 24.6617475,  68.4413,/T,  10.0416,
2458362.875000000, , ,224.7484720,-16.0853528,  -1.93,  5.51, 8.4870683049E+08, 24.6441857,  68.3375,/T,  10.0341,
2458363.000000000, , ,224.7655458,-16.0906243,  -1.92,  5.51, 8.4897289429E+08, 24.6264217,  68.2338,/T,  10.0266,
2458363.125000000, , ,224.7826522,-16.0959029,  -1.92,  5.51, 8.4923876505E+08, 24.6084376,  68.1302,/T,  10.0190,
2458363.250000000, , ,224.7997913,-16.1011885,  -1.92,  5.51, 8.4950444043E+08, 24.5902455,  68.0265,/T,  10.0114,
2458363.375000000, , ,224.8169630,-16.1064811,  -1.92,  5.51, 8.4976991837E+08, 24.5718855,  67.9229,/T,  10.0038,
2458363.500000000, , ,224.8341671,-16.1117807,  -1.92,  5.51, 8.5003519739E+08, 24.5534173,  67.8193,/T,   9.9961,
2458363.625000000, , ,224.8514036,-16.1170872,  -1.92,  5.51, 8.5030027666E+08, 24.5349069,  67.7157,/T,   9.9885,
2458363.750000000, , ,224.8686722,-16.1224006,  -1.92,  5.51, 8.5056515605E+08, 24.5164124,  67.6121,/T,   9.9807,
2458363.875000000, , ,224.8859729,-16.1277209,  -1.92,  5.51, 8.5082983597E+08, 24.4979706,  67.5086,/T,   9.9730,
2458364.000000000, , ,224.9033057,-16.1330480,  -1.92,  5.51, 8.5109431704E+08, 24.4795901,  67.4051,/T,   9.9652,
2458364.125000000, , ,224.9206706,-16.1383819,  -1.92,  5.51, 8.5135859985E+08, 24.4612497,  67.3016,/T,   9.9574,
2458364.250000000, , ,224.9380675,-16.1437226,  -1.92,  5.51, 8.5162268460E+08, 24.4429033,  67.1981,/T,   9.9496,
2458364.375000000, , ,224.9554967,-16.1490702,  -1.92,  5.51, 8.5188657090E+08, 24.4244882,  67.0947,/T,   9.9417,
2458364.500000000, , ,224.9729581,-16.1544247,  -1.92,  5.51, 8.5215025763E+08, 24.4059362,  66.9912,/T,   9.9338,
2458364.625000000, , ,224.9904518,-16.1597860,  -1.92,  5.51, 8.5241374297E+08, 24.3871856,  66.8878,/T,   9.9259,
2458364.750000000, , ,225.0079779,-16.1651543,  -1.92,  5.51, 8.5267702452E+08, 24.3681923,  66.7845,/T,   9.9179,
2458364.875000000, , ,225.0255364,-16.1705293,  -1.92,  5.51, 8.5294009954E+08, 24.3489386,  66.6811,/T,   9.9099,
2458365.000000000, , ,225.0431271,-16.1759112,  -1.91,  5.51, 8.5320296525E+08, 24.3294379,  66.5778,/T,   9.9019,
2458365.125000000, , ,225.0607500,-16.1812998,  -1.91,  5.51, 8.5346561920E+08, 24.3097332,  66.4745,/T,   9.8938,
2458365.250000000, , ,225.0784050,-16.1866952,  -1.91,  5.51, 8.5372805952E+08, 24.2898898,  66.3712,/T,   9.8858,
2458365.375000000, , ,225.0960918,-16.1920972,  -1.91,  5.51, 8.5399028512E+08, 24.2699824,  66.2679,/T,   9.8776,
2458365.500000000, , ,225.1138104,-16.1975058,  -1.91,  5.51, 8.5425229568E+08, 24.2500796,  66.1647,/T,   9.8695,
2458365.625000000, , ,225.1315605,-16.2029210,  -1.91,  5.51, 8.5451409155E+08, 24.2302303,  66.0614,/T,   9.8613,
2458365.750000000, , ,225.1493422,-16.2083426,  -1.91,  5.51, 8.5477567344E+08, 24.2104555,  65.9582,/T,   9.8531,
2458365.875000000, , ,225.1671553,-16.2137709,  -1.91,  5.51, 8.5503704213E+08, 24.1907452,  65.8551,/T,   9.8449,
2458366.000000000, , ,225.1850000,-16.2192056,  -1.91,  5.51, 8.5529819814E+08, 24.1710621,  65.7519,/T,   9.8366,
2458366.125000000, , ,225.2028761,-16.2246468,  -1.91,  5.51, 8.5555914146E+08, 24.1513492,  65.6488,/T,   9.8283,
2458366.250000000, , ,225.2207839,-16.2300946,  -1.91,  5.51, 8.5581987142E+08, 24.1315406,  65.5456,/T,   9.8200,
2458366.375000000, , ,225.2387234,-16.2355490,  -1.91,  5.51, 8.5608038664E+08, 24.1115733,  65.4425,/T,   9.8116,
2458366.500000000, , ,225.2566945,-16.2410099,  -1.91,  5.51, 8.5634068512E+08, 24.0913985,  65.3395,/T,   9.8032,
2458366.625000000, , ,225.2746974,-16.2464773,  -1.91,  5.51, 8.5660076447E+08, 24.0709910,  65.2364,/T,   9.7948,
2458366.750000000, , ,225.2927319,-16.2519512,  -1.91,  5.51, 8.5686062216E+08, 24.0503553,  65.1334,/T,   9.7864,
2458366.875000000, , ,225.3107980,-16.2574316,  -1.91,  5.51, 8.5712025589E+08, 24.0295250,  65.0304,/T,   9.7779,
2458367.000000000, , ,225.3288955,-16.2629184,  -1.91,  5.51, 8.5737966384E+08, 24.0085571,  64.9274,/T,   9.7694,
2458367.125000000, , ,225.3470244,-16.2684115,  -1.90,  5.51, 8.5763884491E+08, 23.9875195,  64.8244,/T,   9.7608,
2458367.250000000, , ,225.3651843,-16.2739110,  -1.90,  5.51, 8.5789779868E+08, 23.9664765,  64.7215,/T,   9.7523,
2458367.375000000, , ,225.3833753,-16.2794167,  -1.90,  5.51, 8.5815652538E+08, 23.9454752,  64.6186,/T,   9.7437,
2458367.500000000, , ,225.4015973,-16.2849287,  -1.90,  5.51, 8.5841502559E+08, 23.9245360,  64.5157,/T,   9.7350,
2458367.625000000, , ,225.4198501,-16.2904469,  -1.90,  5.51, 8.5867329996E+08, 23.9036494,  64.4128,/T,   9.7264,
2458367.750000000, , ,225.4381339,-16.2959713,  -1.90,  5.51, 8.5893134888E+08, 23.8827789,  64.3099,/T,   9.7177,
2458367.875000000, , ,225.4564487,-16.3015019,  -1.90,  5.51, 8.5918917223E+08, 23.8618680,  64.2071,/T,   9.7090,
2458368.000000000, , ,225.4747946,-16.3070388,  -1.90,  5.51, 8.5944676923E+08, 23.8408509,  64.1043,/T,   9.7002,
2458368.125000000, , ,225.4931715,-16.3125820,  -1.90,  5.51, 8.5970413838E+08, 23.8196640,  64.0015,/T,   9.6914,
2458368.250000000, , ,225.5115796,-16.3181314,  -1.90,  5.51, 8.5996127756E+08, 23.7982576,  63.8987,/T,   9.6826,
2458368.375000000, , ,225.5300188,-16.3236871,  -1.90,  5.51, 8.6021818423E+08, 23.7766058,  63.7960,/T,   9.6738,
2458368.500000000, , ,225.5484891,-16.3292489,  -1.90,  5.51, 8.6047485573E+08, 23.7547127,  63.6933,/T,   9.6649,
2458368.625000000, , ,225.5669903,-16.3348169,  -1.90,  5.51, 8.6073128963E+08, 23.7326131,  63.5905,/T,   9.6560,
2458368.750000000, , ,225.5855224,-16.3403910,  -1.90,  5.51, 8.6098748399E+08, 23.7103673,  63.4879,/T,   9.6471,
2458368.875000000, , ,225.6040851,-16.3459712,  -1.90,  5.51, 8.6124343764E+08, 23.6880487,  63.3852,/T,   9.6382,
2458369.000000000, , ,225.6226783,-16.3515573,  -1.90,  5.51, 8.6149915018E+08, 23.6657300,  63.2825,/T,   9.6292,
2458369.125000000, , ,225.6413019,-16.3571494,  -1.90,  5.51, 8.6175462194E+08, 23.6434679,  63.1799,/T,   9.6202,
2458369.250000000, , ,225.6599557,-16.3627474,  -1.89,  5.51, 8.6200985373E+08, 23.6212928,  63.0773,/T,   9.6111,
2458369.375000000, , ,225.6786397,-16.3683512,  -1.89,  5.51, 8.6226484650E+08, 23.5992046,  62.9747,/T,   9.6020,
2458369.500000000, , ,225.6973539,-16.3739610,  -1.89,  5.51, 8.6251960106E+08, 23.5771738,  62.8722,/T,   9.5929,
2458369.625000000, , ,225.7160984,-16.3795767,  -1.89,  5.51, 8.6277411777E+08, 23.5551485,  62.7696,/T,   9.5838,
2458369.750000000, , ,225.7348731,-16.3851982,  -1.89,  5.51, 8.6302839635E+08, 23.5330635,  62.6671,/T,   9.5747,
2458369.875000000, , ,225.7536782,-16.3908257,  -1.89,  5.51, 8.6328243577E+08, 23.5108526,  62.5646,/T,   9.5655,
2458370.000000000, , ,225.7725137,-16.3964591,  -1.89,  5.51, 8.6353623438E+08, 23.4884597,  62.4621,/T,   9.5563,
2458370.125000000, , ,225.7913796,-16.4020984,  -1.89,  5.51, 8.6378978999E+08, 23.4658497,  62.3597,/T,   9.5470,
2458370.250000000, , ,225.8102759,-16.4077437,  -1.89,  5.51, 8.6404310018E+08, 23.4430156,  62.2572,/T,   9.5377,
2458370.375000000, , ,225.8292026,-16.4133947,  -1.89,  5.51, 8.6429616265E+08, 23.4199803,  62.1548,/T,   9.5284,
2458370.500000000, , ,225.8481594,-16.4190516,  -1.89,  5.51, 8.6454897545E+08, 23.3967927,  62.0524,/T,   9.5191,
2458370.625000000, , ,225.8671464,-16.4247142,  -1.89,  5.51, 8.6480153729E+08, 23.3735171,  61.9501,/T,   9.5097,
2458370.750000000, , ,225.8861632,-16.4303826,  -1.89,  5.51, 8.6505384757E+08, 23.3502188,  61.8477,/T,   9.5003,
2458370.875000000, , ,225.9052099,-16.4360566,  -1.89,  5.51, 8.6530590635E+08, 23.3269501,  61.7454,/T,   9.4909,
2458371.000000000, , ,225.9242863,-16.4417363,  -1.89,  5.51, 8.6555771412E+08, 23.3037388,  61.6431,/T,   9.4815,
2458371.125000000, , ,225.9433924,-16.4474215,  -1.89,  5.51, 8.6580927153E+08, 23.2805839,  61.5408,/T,   9.4720,
2458371.250000000, , ,225.9625282,-16.4531125,  -1.89,  5.51, 8.6606057903E+08, 23.2574553,  61.4385,/T,   9.4625,
2458371.375000000, , ,225.9816937,-16.4588090,  -1.88,  5.51, 8.6631163666E+08, 23.2343008,  61.3362,/T,   9.4530,
2458371.500000000, , ,226.0008891,-16.4645112,  -1.88,  5.51, 8.6656244379E+08, 23.2110551,  61.2340,/T,   9.4434,
2458371.625000000, , ,226.0201143,-16.4702190,  -1.88,  5.51, 8.6681299906E+08, 23.1876512,  61.1318,/T,   9.4338,
2458371.750000000, , ,226.0393693,-16.4759325,  -1.88,  5.51, 8.6706330044E+08, 23.1640325,  61.0296,/T,   9.4242,
2458371.875000000, , ,226.0586544,-16.4816516,  -1.88,  5.51, 8.6731334541E+08, 23.1401633,  60.9275,/T,   9.4146,
2458372.000000000, , ,226.0779692,-16.4873763,  -1.88,  5.51, 8.6756313119E+08, 23.1160366,  60.8253,/T,   9.4049,
2458372.125000000, , ,226.0973139,-16.4931066,  -1.88,  5.51, 8.6781265511E+08, 23.0916772,  60.7232,/T,   9.3952,
2458372.250000000, , ,226.1166882,-16.4988423,  -1.88,  5.51, 8.6806191491E+08, 23.0671376,  60.6211,/T,   9.3855,
2458372.375000000, , ,226.1360920,-16.5045836,  -1.88,  5.51, 8.6831090902E+08, 23.0424887,  60.5190,/T,   9.3757,
2458372.500000000, , ,226.1555252,-16.5103302,  -1.88,  5.51, 8.6855963667E+08, 23.0178052,  60.4169,/T,   9.3659,
2458372.625000000, , ,226.1749874,-16.5160822,  -1.88,  5.51, 8.6880809784E+08, 22.9931509,  60.3149,/T,   9.3561,
2458372.750000000, , ,226.1944787,-16.5218394,  -1.88,  5.51, 8.6905629309E+08, 22.9685663,  60.2129,/T,   9.3463,
2458372.875000000, , ,226.2139989,-16.5276020,  -1.88,  5.50, 8.6930422326E+08, 22.9440625,  60.1109,/T,   9.3364,
2458373.000000000, , ,226.2335481,-16.5333698,  -1.88,  5.50, 8.6955188916E+08, 22.9196204,  60.0089,/T,   9.3265,
2458373.125000000, , ,226.2531262,-16.5391428,  -1.88,  5.50, 8.6979929122E+08, 22.8951962,  59.9069,/T,   9.3166,
2458373.250000000, , ,226.2727332,-16.5449212,  -1.88,  5.50, 8.7004642932E+08, 22.8707294,  59.8050,/T,   9.3066,
2458373.375000000, , ,226.2923693,-16.5507048,  -1.88,  5.50, 8.7029330265E+08, 22.8461546,  59.7031,/T,   9.2967,
2458373.500000000, , ,226.3120344,-16.5564936,  -1.88,  5.50, 8.7053990972E+08, 22.8214129,  59.6012,/T,   9.2867,
2458373.625000000, , ,226.3317287,-16.5622878,  -1.87,  5.50, 8.7078624847E+08, 22.7964634,  59.4993,/T,   9.2766,
2458373.750000000, , ,226.3514519,-16.5680871,  -1.87,  5.50, 8.7103231657E+08, 22.7712914,  59.3974,/T,   9.2666,
2458373.875000000, , ,226.3712042,-16.5738917,  -1.87,  5.50, 8.7127811166E+08, 22.7459123,  59.2956,/T,   9.2565,
2458374.000000000, , ,226.3909853,-16.5797014,  -1.87,  5.50, 8.7152363172E+08, 22.7203700,  59.1938,/T,   9.2464,
2458374.125000000, , ,226.4107951,-16.5855162,  -1.87,  5.50, 8.7176887531E+08, 22.6947272,  59.0920,/T,   9.2362,
2458374.250000000, , ,226.4306335,-16.5913361,  -1.87,  5.50, 8.7201384173E+08, 22.6690530,  58.9902,/T,   9.2260,
2458374.375000000, , ,226.4505002,-16.5971610,  -1.87,  5.50, 8.7225853097E+08, 22.6434076,  58.8884,/T,   9.2159,
2458374.500000000, , ,226.4703953,-16.6029908,  -1.87,  5.50, 8.7250294358E+08, 22.6178299,  58.7867,/T,   9.2056,
2458374.625000000, , ,226.4903186,-16.6088255,  -1.87,  5.50, 8.7274708037E+08, 22.5923306,  58.6850,/T,   9.1954,
2458374.750000000, , ,226.5102700,-16.6146652,  -1.87,  5.50, 8.7299094212E+08, 22.5668911,  58.5833,/T,   9.1851,
2458374.875000000, , ,226.5302497,-16.6205098,  -1.87,  5.50, 8.7323452926E+08, 22.5414676,  58.4816,/T,   9.1748,
2458375.000000000, , ,226.5502576,-16.6263593,  -1.87,  5.50, 8.7347784163E+08, 22.5159996,  58.3799,/T,   9.1645,
2458375.125000000, , ,226.5702938,-16.6322138,  -1.87,  5.50, 8.7372087841E+08, 22.4904211,  58.2783,/T,   9.1541,
2458375.250000000, , ,226.5903584,-16.6380731,  -1.87,  5.50, 8.7396363807E+08, 22.4646722,  58.1767,/T,   9.1437,
2458375.375000000, , ,226.6104514,-16.6439374,  -1.87,  5.50, 8.7420611850E+08, 22.4387102,  58.0751,/T,   9.1333,
2458375.500000000, , ,226.6305726,-16.6498066,  -1.87,  5.50, 8.7444831731E+08, 22.4125192,  57.9735,/T,   9.1229,
2458375.625000000, , ,226.6507221,-16.6556807,  -1.87,  5.50, 8.7469023207E+08, 22.3861144,  57.8719,/T,   9.1124,
2458375.750000000, , ,226.6708998,-16.6615595,  -1.87,  5.50, 8.7493186069E+08, 22.3595408,  57.7704,/T,   9.1019,
2458375.875000000, , ,226.6911054,-16.6674431,  -1.86,  5.50, 8.7517320170E+08, 22.3328651,  57.6688,/T,   9.0914,
2458376.000000000, , ,226.7113388,-16.6733314,  -1.86,  5.50, 8.7541425439E+08, 22.3061625,  57.5673,/T,   9.0809,
2458376.125000000, , ,226.7315998,-16.6792243,  -1.86,  5.50, 8.7565501886E+08, 22.2795019,  57.4659,/T,   9.0703,
2458376.250000000, , ,226.7518883,-16.6851218,  -1.86,  5.50, 8.7589549585E+08, 22.2529320,  57.3644,/T,   9.0597,
2458376.375000000, , ,226.7722041,-16.6910239,  -1.86,  5.50, 8.7613568647E+08, 22.2264735,  57.2629,/T,   9.0491,
2458376.500000000, , ,226.7925474,-16.6969305,  -1.86,  5.50, 8.7637559192E+08, 22.2001163,  57.1615,/T,   9.0385,
2458376.625000000, , ,226.8129180,-16.7028417,  -1.86,  5.50, 8.7661521308E+08, 22.1738231,  57.0601,/T,   9.0278,
2458376.750000000, , ,226.8333160,-16.7087574,  -1.86,  5.50, 8.7685455038E+08, 22.1475365,  56.9587,/T,   9.0171,
2458376.875000000, , ,226.8537415,-16.7146777,  -1.86,  5.50, 8.7709360351E+08, 22.1211903,  56.8574,/T,   9.0064,
2458377.000000000, , ,226.8741945,-16.7206025,  -1.86,  5.50, 8.7733237148E+08, 22.0947204,  56.7560,/T,   8.9956,
2458377.125000000, , ,226.8946751,-16.7265319,  -1.86,  5.50, 8.7757085267E+08, 22.0680770,  56.6547,/T,   8.9848,
2458377.250000000, , ,226.9151832,-16.7324658,  -1.86,  5.50, 8.7780904504E+08, 22.0412339,  56.5534,/T,   8.9740,
2458377.375000000, , ,226.9357189,-16.7384043,  -1.86,  5.50, 8.7804694642E+08, 22.0141947,  56.4521,/T,   8.9632,
2458377.500000000, , ,226.9562819,-16.7443473,  -1.86,  5.50, 8.7828455486E+08, 21.9869921,  56.3508,/T,   8.9524,
2458377.625000000, , ,226.9768723,-16.7502946,  -1.86,  5.50, 8.7852186886E+08, 21.9596821,  56.2495,/T,   8.9415,
2458377.750000000, , ,226.9974899,-16.7562464,  -1.86,  5.50, 8.7875888763E+08, 21.9323307,  56.1483,/T,   8.9306,
2458377.875000000, , ,227.0181344,-16.7622025,  -1.86,  5.50, 8.7899561106E+08, 21.9050000,  56.0471,/T,   8.9196,
2458378.000000000, , ,227.0388059,-16.7681629,  -1.86,  5.50, 8.7923203964E+08, 21.8777347,  55.9459,/T,   8.9087,
2458378.125000000, , ,227.0595043,-16.7741276,  -1.86,  5.50, 8.7946817420E+08, 21.8505526,  55.8447,/T,   8.8977,
2458378.250000000, , ,227.0802294,-16.7800965,  -1.85,  5.50, 8.7970401559E+08, 21.8234421,  55.7435,/T,   8.8867,
2458378.375000000, , ,227.1009814,-16.7860697,  -1.85,  5.50, 8.7993956442E+08, 21.7963648,  55.6424,/T,   8.8757,
2458378.500000000, , ,227.1217604,-16.7920472,  -1.85,  5.50, 8.8017482072E+08, 21.7692624,  55.5412,/T,   8.8646,
2458378.625000000, , ,227.1425662,-16.7980290,  -1.85,  5.50, 8.8040978388E+08, 21.7420674,  55.4401,/T,   8.8535,
2458378.750000000, , ,227.1633992,-16.8040150,  -1.85,  5.50, 8.8064445253E+08, 21.7147143,  55.3390,/T,   8.8424,
2458378.875000000, , ,227.1842591,-16.8100054,  -1.85,  5.50, 8.8087882466E+08, 21.6871516,  55.2380,/T,   8.8313,
2458379.000000000, , ,227.2051462,-16.8160000,  -1.85,  5.50, 8.8111289785E+08, 21.6593522,  55.1369,/T,   8.8201,
2458379.125000000, , ,227.2260603,-16.8219988,  -1.85,  5.50, 8.8134666952E+08, 21.6313192,  55.0359,/T,   8.8090,
2458379.250000000, , ,227.2470013,-16.8280018,  -1.85,  5.50, 8.8158013731E+08, 21.6030873,  54.9349,/T,   8.7978,
2458379.375000000, , ,227.2679690,-16.8340090,  -1.85,  5.50, 8.8181329938E+08, 21.5747163,  54.8339,/T,   8.7865,
2458379.500000000, , ,227.2889634,-16.8400202,  -1.85,  5.50, 8.8204615461E+08, 21.5462796,  54.7329,/T,   8.7753,
2458379.625000000, , ,227.3099842,-16.8460355,  -1.85,  5.50, 8.8227870271E+08, 21.5178494,  54.6319,/T,   8.7640,
2458379.750000000, , ,227.3310313,-16.8520547,  -1.85,  5.50, 8.8251094404E+08, 21.4894819,  54.5310,/T,   8.7527,
2458379.875000000, , ,227.3521046,-16.8580779,  -1.85,  5.50, 8.8274287950E+08, 21.4612078,  54.4300,/T,   8.7414,
2458380.000000000, , ,227.3732041,-16.8641050,  -1.85,  5.50, 8.8297451011E+08, 21.4330274,  54.3291,/T,   8.7300,
2458380.125000000, , ,227.3943296,-16.8701360,  -1.85,  5.50, 8.8320583676E+08, 21.4049125,  54.2282,/T,   8.7186,
2458380.250000000, , ,227.4154814,-16.8761709,  -1.85,  5.50, 8.8343685989E+08, 21.3768123,  54.1274,/T,   8.7072,
2458380.375000000, , ,227.4366593,-16.8822098,  -1.85,  5.50, 8.8366757934E+08, 21.3486635,  54.0265,/T,   8.6958,
2458380.500000000, , ,227.4578635,-16.8882525,  -1.85,  5.50, 8.8389799422E+08, 21.3204010,  53.9257,/T,   8.6843,
2458380.625000000, , ,227.4790940,-16.8942992,  -1.85,  5.50, 8.8412810299E+08, 21.2919706,  53.8248,/T,   8.6729,
2458380.750000000, , ,227.5003509,-16.9003499,  -1.84,  5.50, 8.8435790364E+08, 21.2633390,  53.7240,/T,   8.6614,
2458380.875000000, , ,227.5216340,-16.9064044,  -1.84,  5.50, 8.8458739394E+08, 21.2345013,  53.6232,/T,   8.6498,
2458381.000000000, , ,227.5429433,-16.9124627,  -1.84,  5.50, 8.8481657178E+08, 21.2054833,  53.5225,/T,   8.6383,
2458381.125000000, , ,227.5642786,-16.9185249,  -1.84,  5.50, 8.8504543547E+08, 21.1763363,  53.4217,/T,   8.6267,
2458381.250000000, , ,227.5856399,-16.9245908,  -1.84,  5.50, 8.8527398397E+08, 21.1471267,  53.3210,/T,   8.6151,
2458381.375000000, , ,227.6070270,-16.9306604,  -1.84,  5.50, 8.8550221697E+08, 21.1179217,  53.2202,/T,   8.6035,
2458381.500000000, , ,227.6284397,-16.9367336,  -1.84,  5.50, 8.8573013483E+08, 21.0887749,  53.1195,/T,   8.5919,
2458381.625000000, , ,227.6498779,-16.9428105,  -1.84,  5.50, 8.8595773836E+08, 21.0597157,  53.0188,/T,   8.5802,
2458381.750000000, , ,227.6713416,-16.9488910,  -1.84,  5.50, 8.8618502853E+08, 21.0307445,  52.9182,/T,   8.5685,
2458381.875000000, , ,227.6928308,-16.9549751,  -1.84,  5.50, 8.8641200617E+08, 21.0018332,  52.8175,/T,   8.5568,
2458382.000000000, , ,227.7143455,-16.9610627,  -1.84,  5.50, 8.8663867166E+08, 20.9729310,  52.7169,/T,   8.5450,
2458382.125000000, , ,227.7358859,-16.9671540,  -1.84,  5.50, 8.8686502477E+08, 20.9439743,  52.6162,/T,   8.5333,
2458382.250000000, , ,227.7574518,-16.9732489,  -1.84,  5.50, 8.8709106455E+08, 20.9148970,  52.5156,/T,   8.5215,
2458382.375000000, , ,227.7790434,-16.9793474,  -1.84,  5.50, 8.8731678939E+08, 20.8856434,  52.4150,/T,   8.5097,
2458382.500000000, , ,227.8006608,-16.9854495,  -1.84,  5.50, 8.8754219715E+08, 20.8561784,  52.3145,/T,   8.4978,
2458382.625000000, , ,227.8223037,-16.9915552,  -1.84,  5.50, 8.8776728551E+08, 20.8264962,  52.2139,/T,   8.4860,
2458382.750000000, , ,227.8439722,-16.9976644,  -1.84,  5.50, 8.8799205223E+08, 20.7966223,  52.1134,/T,   8.4741,
2458382.875000000, , ,227.8656662,-17.0037770,  -1.84,  5.50, 8.8821649550E+08, 20.7666103,  52.0128,/T,   8.4622,
2458383.000000000, , ,227.8873853,-17.0098931,  -1.84,  5.50, 8.8844061420E+08, 20.7365314,  51.9123,/T,   8.4503,
2458383.125000000, , ,227.9091296,-17.0160126,  -1.84,  5.50, 8.8866440803E+08, 20.7064601,  51.8118,/T,   8.4383,
2458383.250000000, , ,227.9308988,-17.0221354,  -1.84,  5.50, 8.8888787741E+08, 20.6764594,  51.7113,/T,   8.4263,
2458383.375000000, , ,227.9526929,-17.0282614,  -1.83,  5.50, 8.8911102336E+08, 20.6465692,  51.6109,/T,   8.4143,
2458383.500000000, , ,227.9745117,-17.0343907,  -1.83,  5.50, 8.8933384714E+08, 20.6167998,  51.5104,/T,   8.4023,
2458383.625000000, , ,227.9963552,-17.0405233,  -1.83,  5.50, 8.8955634999E+08, 20.5871315,  51.4100,/T,   8.3903,
2458383.750000000, , ,228.0182235,-17.0466591,  -1.83,  5.50, 8.8977853277E+08, 20.5575197,  51.3096,/T,   8.3782,
2458383.875000000, , ,228.0401166,-17.0527982,  -1.83,  5.50, 8.9000039578E+08, 20.5279032,  51.2092,/T,   8.3661,
2458384.000000000, , ,228.0620346,-17.0589405,  -1.83,  5.50, 8.9022193859E+08, 20.4982150,  51.1088,/T,   8.3540,
2458384.125000000, , ,228.0839776,-17.0650861,  -1.83,  5.50, 8.9044316010E+08, 20.4683947,  51.0084,/T,   8.3419,
2458384.250000000, , ,228.1059455,-17.0712350,  -1.83,  5.50, 8.9066405862E+08, 20.4383993,  50.9081,/T,   8.3297,
2458384.375000000, , ,228.1279384,-17.0773872,  -1.83,  5.50, 8.9088463217E+08, 20.4082125,  50.8077,/T,   8.3175,
2458384.500000000, , ,228.1499562,-17.0835425,  -1.83,  5.50, 8.9110487870E+08, 20.3778483,  50.7074,/T,   8.3053,
2458384.625000000, , ,228.1719988,-17.0897010,  -1.83,  5.50, 8.9132479652E+08, 20.3473486,  50.6071,/T,   8.2931,
2458384.750000000, , ,228.1940661,-17.0958627,  -1.83,  5.50, 8.9154438447E+08, 20.3167743,  50.5068,/T,   8.2808,
2458384.875000000, , ,228.2161579,-17.1020275,  -1.83,  5.50, 8.9176364212E+08, 20.2861917,  50.4065,/T,   8.2685,
2458385.000000000, , ,228.2382742,-17.1081953,  -1.83,  5.50, 8.9198256969E+08, 20.2556582,  50.3062,/T,   8.2563,
2458385.125000000, , ,228.2604148,-17.1143661,  -1.83,  5.50, 8.9220116793E+08, 20.2252096,  50.2060,/T,   8.2439,
2458385.250000000, , ,228.2825797,-17.1205399,  -1.83,  5.50, 8.9241943783E+08, 20.1948538,  50.1057,/T,   8.2316,
2458385.375000000, , ,228.3047689,-17.1267167,  -1.83,  5.50, 8.9263738030E+08, 20.1645695,  50.0055,/T,   8.2192,
2458385.500000000, , ,228.3269824,-17.1328966,  -1.83,  5.50, 8.9285499588E+08, 20.1343106,  49.9053,/T,   8.2068,
2458385.625000000, , ,228.3492203,-17.1390794,  -1.83,  5.50, 8.9307228452E+08, 20.1040144,  49.8051,/T,   8.1944,
2458385.750000000, , ,228.3714827,-17.1452652,  -1.83,  5.50, 8.9328924545E+08, 20.0736122,  49.7049,/T,   8.1820,
2458385.875000000, , ,228.3937696,-17.1514541,  -1.83,  5.50, 8.9350587717E+08, 20.0430414,  49.6047,/T,   8.1695,
2458386.000000000, , ,228.4160811,-17.1576460,  -1.83,  5.50, 8.9372217760E+08, 20.0122572,  49.5046,/T,   8.1571,
2458386.125000000, , ,228.4384172,-17.1638409,  -1.82,  5.50, 8.9393814430E+08, 19.9812418,  49.4044,/T,   8.1446,
2458386.250000000, , ,228.4607777,-17.1700387,  -1.82,  5.50, 8.9415377484E+08, 19.9500089,  49.3043,/T,   8.1320,
2458386.375000000, , ,228.4831626,-17.1762395,  -1.82,  5.50, 8.9436906706E+08, 19.9186025,  49.2042,/T,   8.1195,
2458386.500000000, , ,228.5055718,-17.1824431,  -1.82,  5.50, 8.9458401945E+08, 19.8870885,  49.1041,/T,   8.1069,
2458386.625000000, , ,228.5280050,-17.1886496,  -1.82,  5.50, 8.9479863123E+08, 19.8555412,  49.0040,/T,   8.0944,
2458386.750000000, , ,228.5504622,-17.1948588,  -1.82,  5.50, 8.9501290244E+08, 19.8240283,  48.9040,/T,   8.0817,
2458386.875000000, , ,228.5729432,-17.2010708,  -1.82,  5.50, 8.9522683371E+08, 19.7925981,  48.8039,/T,   8.0691,
2458387.000000000, , ,228.5954479,-17.2072854,  -1.82,  5.50, 8.9544042608E+08, 19.7612711,  48.7039,/T,   8.0565,
2458387.125000000, , ,228.6179763,-17.2135027,  -1.82,  5.50, 8.9565368065E+08, 19.7300376,  48.6038,/T,   8.0438,
2458387.250000000, , ,228.6405284,-17.2197227,  -1.82,  5.50, 8.9586659824E+08, 19.6988612,  48.5038,/T,   8.0311,
2458387.375000000, , ,228.6631043,-17.2259454,  -1.82,  5.50, 8.9607917919E+08, 19.6676858,  48.4038,/T,   8.0184,
2458387.500000000, , ,228.6857040,-17.2321708,  -1.82,  5.50, 8.9629142314E+08, 19.6364460,  48.3038,/T,   8.0056,
2458387.625000000, , ,228.7083275,-17.2383989,  -1.82,  5.50, 8.9650332907E+08, 19.6050790,  48.2038,/T,   7.9929,
2458387.750000000, , ,228.7309750,-17.2446297,  -1.82,  5.50, 8.9671489531E+08, 19.5735360,  48.1039,/T,   7.9801,
2458387.875000000, , ,228.7536463,-17.2508632,  -1.82,  5.50, 8.9692611981E+08, 19.5417928,  48.0039,/T,   7.9673,
2458388.000000000, , ,228.7763415,-17.2570994,  -1.82,  5.50, 8.9713700041E+08, 19.5098549,  47.9040,/T,   7.9544,
2458388.125000000, , ,228.7990605,-17.2633381,  -1.82,  5.50, 8.9734753518E+08, 19.4777574,  47.8040,/T,   7.9416,
2458388.250000000, , ,228.8218031,-17.2695795,  -1.82,  5.50, 8.9755772267E+08, 19.4455582,  47.7041,/T,   7.9287,
2458388.375000000, , ,228.8445692,-17.2758233,  -1.82,  5.50, 8.9776756217E+08, 19.4133256,  47.6042,/T,   7.9158,
2458388.500000000, , ,228.8673587,-17.2820697,  -1.82,  5.50, 8.9797705366E+08, 19.3811230,  47.5043,/T,   7.9029,
2458388.625000000, , ,228.8901714,-17.2883184,  -1.82,  5.50, 8.9818619775E+08, 19.3489965,  47.4045,/T,   7.8900,
2458388.750000000, , ,228.9130073,-17.2945696,  -1.82,  5.50, 8.9839499537E+08, 19.3169655,  47.3046,/T,   7.8770,
2458388.875000000, , ,228.9358663,-17.3008232,  -1.82,  5.50, 8.9860344754E+08, 19.2850204,  47.2048,/T,   7.8641,
2458389.000000000, , ,228.9587485,-17.3070793,  -1.81,  5.50, 8.9881155500E+08, 19.2531245,  47.1049,/T,   7.8511,
2458389.125000000, , ,228.9816540,-17.3133377,  -1.81,  5.50, 8.9901931801E+08, 19.2212213,  47.0051,/T,   7.8380,
2458389.250000000, , ,229.0045827,-17.3195985,  -1.81,  5.50, 8.9922673611E+08, 19.1892446,  46.9053,/T,   7.8250,
2458389.375000000, , ,229.0275347,-17.3258618,  -1.81,  5.50, 8.9943380818E+08, 19.1571299,  46.8055,/T,   7.8119,
2458389.500000000, , ,229.0505102,-17.3321275,  -1.81,  5.50, 8.9964053241E+08, 19.1248265,  46.7057,/T,   7.7989,
2458389.625000000, , ,229.0735090,-17.3383956,  -1.81,  5.50, 8.9984690662E+08, 19.0923080,  46.6059,/T,   7.7858,
2458389.750000000, , ,229.0965312,-17.3446661,  -1.81,  5.50, 9.0005292847E+08, 19.0595788,  46.5061,/T,   7.7726,
2458389.875000000, , ,229.1195765,-17.3509389,  -1.81,  5.50, 9.0025859584E+08, 19.0266743,  46.4064,/T,   7.7595,
2458390.000000000, , ,229.1426450,-17.3572140,  -1.81,  5.50, 9.0046390716E+08, 18.9936554,  46.3066,/T,   7.7463,
2458390.125000000, , ,229.1657364,-17.3634914,  -1.81,  5.50, 9.0066886158E+08, 18.9605956,  46.2069,/T,   7.7331,
2458390.250000000, , ,229.1888506,-17.3697709,  -1.81,  5.50, 9.0087345907E+08, 18.9275668,  46.1072,/T,   7.7199,
2458390.375000000, , ,229.2119875,-17.3760526,  -1.81,  5.50, 9.0107770026E+08, 18.8946249,  46.0075,/T,   7.7067,
2458390.500000000, , ,229.2351469,-17.3823364,  -1.81,  5.50, 9.0128158630E+08, 18.8617999,  45.9078,/T,   7.6934,
2458390.625000000, , ,229.2583288,-17.3886223,  -1.81,  5.50, 9.0148511847E+08, 18.8290919,  45.8081,/T,   7.6802,
2458390.750000000, , ,229.2815333,-17.3949103,  -1.81,  5.50, 9.0168829790E+08, 18.7964724,  45.7084,/T,   7.6669,
2458390.875000000, , ,229.3047603,-17.4012005,  -1.81,  5.50, 9.0189112529E+08, 18.7638901,  45.6087,/T,   7.6536,
2458391.000000000, , ,229.3280099,-17.4074927,  -1.81,  5.50, 9.0209360070E+08, 18.7312805,  45.5091,/T,   7.6402,
2458391.125000000, , ,229.3512823,-17.4137871,  -1.81,  5.50, 9.0229572347E+08, 18.6985773,  45.4094,/T,   7.6269,
2458391.250000000, , ,229.3745774,-17.4200836,  -1.81,  5.50, 9.0249749228E+08, 18.6657245,  45.3098,/T,   7.6135,
2458391.375000000, , ,229.3978952,-17.4263822,  -1.81,  5.50, 9.0269890530E+08, 18.6326869,  45.2102,/T,   7.6001,
2458391.500000000, , ,229.4212359,-17.4326830,  -1.81,  5.50, 9.0289996047E+08, 18.5994582,  45.1106,/T,   7.5867,
2458391.625000000, , ,229.4445992,-17.4389858,  -1.81,  5.50, 9.0310065582E+08, 18.5660623,  45.0110,/T,   7.5733,
2458391.750000000, , ,229.4679851,-17.4452907,  -1.81,  5.50, 9.0330098981E+08, 18.5325489,  44.9114,/T,   7.5598,
2458391.875000000, , ,229.4913935,-17.4515975,  -1.81,  5.50, 9.0350096149E+08, 18.4989819,  44.8118,/T,   7.5463,
2458392.000000000, , ,229.5148242,-17.4579063,  -1.80,  5.50, 9.0370057066E+08, 18.4654259,  44.7122,/T,   7.5328,
2458392.125000000, , ,229.5382772,-17.4642171,  -1.80,  5.50, 9.0389981771E+08, 18.4319314,  44.6127,/T,   7.5193,
2458392.250000000, , ,229.5617523,-17.4705297,  -1.80,  5.50, 9.0409870348E+08, 18.3985249,  44.5131,/T,   7.5058,
2458392.375000000, , ,229.5852496,-17.4768442,  -1.80,  5.50, 9.0429722894E+08, 18.3652041,  44.4136,/T,   7.4922,
2458392.500000000, , ,229.6087690,-17.4831607,  -1.80,  5.50, 9.0449539486E+08, 18.3319384,  44.3140,/T,   7.4786,